
 Enter N : 4

 Enter size of input , n : 4

 x(0) = 1

 x(1) = 3

 x(2) = 5

 x(3) = 7


 X(0) = 16.000000

X(1)= -4.014328 +3.992018j

X(2)= -3.999942 -0.022297j

X(3)= -3.956943 -4.023718j