
K =

    0.8984
   -0.9949
    0.0168
    0.4496
   -0.1796
    0.0316


c =

     1
     0
     0
     0
     0
     0
     0