
num =

    0.1500    0.5168    0.5206    0.1000


den =

    1.0000    0.2600    0.5680   -0.1000


k =

    0.2000
    0.6000
   -0.1000


c =

   -0.1971
    0.3017
    0.4946
    0.1000