K =

   -0.8008
   -5.9686
    0.8089
   -1.3946
   -0.4140


c =

     1
     0
     0
     0
     0
     0