bzi =

    0.1667    0.3333    0.1667


azi =

    1.0000   -0.3333    0.0000